360 180
3 6
3 3 3 3 3 3 3 3 3 3 3 3 3 3 3 3 3 3 3 3 3 3 3 3 3 3 3 3 3 3 3 3 3 3 3 3 3 3 3 3 3 3 3 3 3 3 3 3 3 3 3 3 3 3 3 3 3 3 3 3 3 3 3 3 3 3 3 3 3 3 3 3 3 3 3 3 3 3 3 3 3 3 3 3 3 3 3 3 3 3 3 3 3 3 3 3 3 3 3 3 3 3 3 3 3 3 3 3 3 3 3 3 3 3 3 3 3 3 3 3 3 3 3 3 3 3 3 3 3 3 3 3 3 3 3 3 3 3 3 3 3 3 3 3 3 3 3 3 3 3 3 3 3 3 3 3 3 3 3 3 3 3 3 3 3 3 3 3 3 3 3 3 3 3 3 3 3 3 3 3 3 3 3 3 3 3 3 3 3 3 3 3 3 3 3 3 3 3 3 3 3 3 3 3 3 3 3 3 3 3 3 3 3 3 3 3 3 3 3 3 3 3 3 3 3 3 3 3 3 3 3 3 3 3 3 3 3 3 3 3 3 3 3 3 3 3 3 3 3 3 3 3 3 3 3 3 3 3 3 3 3 3 3 3 3 3 3 3 3 3 3 3 3 3 3 3 3 3 3 3 3 3 3 3 3 3 3 3 3 3 3 3 3 3 3 3 3 3 3 3 3 3 3 3 3 3 3 3 3 3 3 3 3 3 3 3 3 3 3 3 3 3 3 3 3 3 3 3 3 3 3 3 3 3 3 3 3 3 3 3 3 3 3 3 3 3 3 3 3 3 3 3 3 3 3 3 3 3 3 3 
6 6 6 6 6 6 6 6 6 6 6 6 6 6 6 6 6 6 6 6 6 6 6 6 6 6 6 6 6 6 6 6 6 6 6 6 6 6 6 6 6 6 6 6 6 6 6 6 6 6 6 6 6 6 6 6 6 6 6 6 6 6 6 6 6 6 6 6 6 6 6 6 6 6 6 6 6 6 6 6 6 6 6 6 6 6 6 6 6 6 6 6 6 6 6 6 6 6 6 6 6 6 6 6 6 6 6 6 6 6 6 6 6 6 6 6 6 6 6 6 6 6 6 6 6 6 6 6 6 6 6 6 6 6 6 6 6 6 6 6 6 6 6 6 6 6 6 6 6 6 6 6 6 6 6 6 6 6 6 6 6 6 6 6 6 6 6 6 6 6 6 6 6 6 6 6 6 6 6 6 
1  50  142  
2  9  151  
3  62  141  
4  104  124  
5  129  140  
6  65  160  
7  103  177  
8  72  86  
10  81  132  
11  17  131  
12  148  156  
13  39  165  
14  15  168  
16  115  136  
18  107  130  
19  54  102  
20  135  171  
21  43  146  
22  24  77  
23  44  147  
25  41  48  
26  47  58  
27  82  88  
28  78  180  
29  73  80  
30  116  162  
31  97  158  
32  37  153  
33  35  114  
34  111  119  
36  167  176  
38  59  75  
40  42  45  
46  91  170  
49  125  145  
51  98  101  
52  157  178  
53  85  108  
55  63  126  
56  71  164  
57  87  123  
60  67  95  
61  64  137  
66  110  118  
68  113  128  
69  109  154  
70  74  89  
76  138  149  
79  134  139  
83  100  144  
84  96  175  
90  120  155  
92  106  172  
93  143  169  
94  152  161  
99  112  174  
105  127  150  
117  122  159  
121  133  166  
163  173  179  
1  80  91  
2  10  105  
3  46  48  
4  128  167  
5  83  101  
6  76  129  
7  13  156  
8  39  99  
9  53  119  
11  24  82  
12  109  147  
14  37  71  
15  135  175  
16  43  127  
17  138  173  
18  90  126  
19  23  140  
20  104  166  
21  22  142  
25  100  172  
26  63  148  
27  29  54  
28  124  146  
30  55  56  
31  50  60  
32  58  155  
33  34  118  
35  65  111  
36  75  84  
38  57  115  
40  110  136  
41  68  70  
42  67  112  
44  88  154  
45  161  179  
47  96  169  
49  120  152  
51  116  137  
52  159  164  
59  85  180  
61  69  114  
62  153  165  
64  149  151  
66  87  171  
72  122  141  
73  145  170  
74  107  162  
77  86  144  
78  121  134  
79  95  143  
81  102  113  
89  131  163  
92  132  157  
93  123  168  
94  103  133  
97  117  178  
98  150  176  
106  158  177  
108  130  174  
125  139  160  
1  68  110  
2  150  179  
3  129  148  
4  34  56  
5  58  124  
6  43  113  
7  44  111  
8  47  166  
9  50  140  
10  11  23  
12  93  100  
13  37  144  
14  78  101  
15  17  84  
16  85  126  
18  36  128  
19  131  162  
20  151  172  
21  70  99  
22  39  91  
24  157  173  
25  89  102  
26  97  119  
27  52  167  
28  143  145  
29  74  98  
30  33  142  
31  107  138  
32  59  112  
35  51  53  
38  164  171  
40  67  149  
41  103  130  
42  118  121  
45  83  136  
46  71  161  
48  133  175  
49  92  180  
54  66  69  
55  77  87  
57  96  152  
60  86  135  
61  125  174  
62  63  176  
64  147  155  
65  132  163  
72  154  156  
73  139  165  
75  76  122  
79  88  169  
80  106  168  
81  117  127  
82  115  177  
90  116  178  
94  108  109  
95  137  158  
104  141  170  
105  146  160  
114  120  159  
123  134  153  
1  2  126  
3  31  160  
4  18  52  
5  13  166  
6  122  130  
7  70  91  
8  11  151  
9  49  65  
10  37  50  
12  104  159  
14  55  155  
15  119  136  
16  120  172  
17  71  77  
19  47  144  
20  68  179  
21  72  107  
22  109  174  
23  82  178  
24  90  141  
25  81  138  
26  40  124  
27  99  132  
28  59  142  
29  53  176  
30  112  137  
32  34  57  
33  133  153  
35  86  113  
36  45  164  
38  62  73  
39  63  100  
41  123  135  
42  157  163  
43  64  102  
44  83  170  
46  61  169  
48  118  148  
51  150  167  
54  110  131  
56  92  158  
58  96  114  
60  146  152  
66  74  95  
67  80  101  
69  93  145  
75  97  162  
76  154  168  
78  84  149  
79  89  125  
85  117  134  
87  115  128  
88  111  175  
94  121  129  
98  156  165  
103  105  180  
106  143  161  
108  127  177  
116  139  140  
147  171  173  
1  9  52  
2  47  165  
3  24  73  
4  135  138  
5  31  103  
6  49  93  
7  126  176  
8  89  178  
10  146  151  
11  129  159  
12  76  160  
13  119  172  
14  18  162  
15  131  142  
16  58  179  
17  149  180  
19  35  82  
20  128  136  
21  38  69  
22  50  145  
23  107  121  
25  71  175  
26  62  92  
27  39  158  
28  100  106  
29  75  115  
30  64  139  
32  144  148  
33  43  120  
34  81  141  
36  95  116  
37  63  118  
40  101  140  
41  56  132  
42  53  152  
44  46  97  
45  94  166  
48  86  111  
51  84  170  
54  137  143  
55  105  112  
57  114  134  
59  96  153  
60  80  99  
61  109  113  
65  157  161  
66  104  169  
67  77  147  
68  79  87  
70  123  150  
72  83  130  
74  117  155  
78  102  127  
85  91  122  
88  90  108  
98  174  177  
110  163  168  
124  156  173  
125  154  164  
133  167  171  
1  51  65  
2  78  166  
3  29  35  
4  105  156  
5  17  27  
6  114  149  
7  124  168  
8  28  66  
9  10  82  
11  72  137  
12  26  153  
13  117  154  
14  86  123  
15  95  129  
16  21  39  
18  125  141  
19  70  143  
20  37  107  
22  99  136  
23  100  112  
24  31  75  
25  127  130  
30  42  159  
32  119  152  
33  52  111  
34  94  120  
36  71  162  
38  84  169  
40  81  148  
41  54  122  
43  74  118  
44  139  151  
45  121  138  
46  79  172  
47  57  145  
48  61  160  
49  90  170  
50  131  155  
53  174  180  
55  73  104  
56  64  135  
58  69  177  
59  116  126  
60  109  158  
62  93  115  
63  144  147  
67  98  171  
68  96  106  
76  97  167  
77  110  134  
80  102  175  
83  92  164  
85  88  163  
87  165  176  
89  142  173  
91  108  161  
101  150  178  
103  140  179  
113  132  146  
128  133  157  
1  61  121  181  241  301  
2  62  122  181  242  302  
3  63  123  182  243  303  
4  64  124  183  244  304  
5  65  125  184  245  305  
6  66  126  185  246  306  
7  67  127  186  247  307  
8  68  128  187  248  308  
2  69  129  188  241  309  
9  62  130  189  249  309  
10  70  130  187  250  310  
11  71  131  190  251  311  
12  67  132  184  252  312  
13  72  133  191  253  313  
13  73  134  192  254  314  
14  74  135  193  255  315  
10  75  134  194  256  305  
15  76  136  183  253  316  
16  77  137  195  257  317  
17  78  138  196  258  318  
18  79  139  197  259  315  
19  79  140  198  260  319  
20  77  130  199  261  320  
19  70  141  200  243  321  
21  80  142  201  262  322  
22  81  143  202  263  311  
23  82  144  203  264  305  
24  83  145  204  265  308  
25  82  146  205  266  303  
26  84  147  206  267  323  
27  85  148  182  245  321  
28  86  149  207  268  324  
29  87  147  208  269  325  
30  87  124  207  270  326  
29  88  150  209  257  303  
31  89  136  210  271  327  
28  72  132  189  272  318  
32  90  151  211  259  328  
12  68  140  212  264  315  
33  91  152  202  273  329  
21  92  153  213  274  330  
33  93  154  214  275  323  
18  74  126  215  269  331  
20  94  127  216  276  332  
33  95  155  210  277  333  
34  63  156  217  276  334  
22  96  128  195  242  335  
21  63  157  218  278  336  
35  97  158  188  246  337  
1  85  129  189  260  338  
36  98  150  219  279  301  
37  99  144  183  241  325  
38  69  150  205  275  339  
16  82  159  220  280  330  
39  84  160  191  281  340  
40  84  124  221  274  341  
41  90  161  207  282  335  
22  86  125  222  255  342  
32  100  149  204  283  343  
42  85  162  223  284  344  
43  101  163  217  285  336  
3  102  164  211  263  345  
39  81  164  212  272  346  
43  103  165  215  267  341  
6  88  166  188  286  301  
44  104  159  224  287  308  
42  93  152  225  288  347  
45  92  121  196  289  348  
46  101  159  226  259  342  
47  92  139  186  290  317  
40  72  156  194  262  327  
8  105  167  197  291  310  
25  106  168  211  243  340  
47  107  146  224  292  331  
32  89  169  227  266  321  
48  66  169  228  251  349  
19  108  160  194  288  350  
24  109  133  229  293  302  
49  110  170  230  289  334  
25  61  171  225  284  351  
9  111  172  201  270  329  
23  70  173  199  257  309  
50  65  155  216  291  352  
51  89  134  229  279  328  
38  100  135  231  294  353  
8  108  162  209  278  313  
41  104  160  232  289  354  
23  94  170  233  295  353  
47  112  142  230  248  355  
52  76  174  200  295  337  
34  61  140  186  294  356  
53  113  158  221  263  352  
54  114  131  226  246  345  
55  115  175  234  277  326  
42  110  176  224  271  314  
51  96  161  222  283  348  
27  116  143  227  276  349  
36  117  146  235  296  347  
56  68  139  203  284  319  
50  80  131  212  265  320  
36  65  133  225  273  357  
16  111  142  215  293  351  
7  115  153  236  245  358  
4  78  177  190  287  340  
57  62  178  236  281  304  
53  118  171  237  265  348  
15  107  148  197  261  318  
38  119  175  238  295  356  
46  71  175  198  285  344  
44  91  121  220  297  350  
30  88  127  233  278  325  
56  93  149  206  281  320  
45  111  126  209  285  359  
29  101  179  222  282  306  
14  90  173  232  266  345  
26  98  174  239  271  343  
58  116  172  231  292  312  
44  87  154  218  272  331  
30  69  143  192  252  324  
52  97  179  193  269  326  
59  109  154  234  261  333  
58  105  169  185  294  330  
41  114  180  213  290  313  
4  83  125  202  298  307  
35  120  163  230  299  316  
39  76  135  181  247  343  
57  74  172  238  293  322  
45  64  136  232  258  360  
5  66  123  234  250  314  
15  119  153  185  291  322  
10  112  137  220  254  338  
9  113  166  203  274  359  
59  115  157  208  300  360  
49  109  180  231  282  350  
17  73  162  213  244  341  
14  91  155  192  258  319  
43  98  176  206  280  310  
48  75  148  201  244  333  
49  120  168  239  267  332  
5  77  129  239  273  358  
3  105  177  200  270  316  
1  79  147  204  254  355  
54  110  145  237  280  317  
50  108  132  195  268  346  
35  106  145  226  260  335  
18  83  178  223  249  359  
20  71  165  240  288  346  
11  81  123  218  268  329  
48  103  152  229  256  306  
57  117  122  219  290  357  
2  103  138  187  249  332  
55  97  161  223  275  324  
28  102  180  208  283  311  
46  94  167  228  299  312  
52  86  165  191  292  338  
11  67  167  235  298  304  
37  113  141  214  286  360  
27  118  176  221  264  344  
58  99  179  190  250  323  
6  120  178  182  251  336  
55  95  156  237  286  356  
26  107  137  227  253  327  
60  112  166  214  297  353  
40  99  151  210  299  352  
12  102  168  235  242  354  
59  78  128  184  277  302  
31  64  144  219  300  349  
13  114  171  228  297  307  
54  96  170  217  287  328  
34  106  177  216  279  337  
17  104  151  240  300  347  
53  80  138  193  252  334  
60  75  141  240  298  355  
56  119  163  198  296  339  
51  73  157  233  262  351  
31  117  164  205  247  354  
7  118  173  238  296  342  
37  116  174  199  248  357  
60  95  122  196  255  358  
24  100  158  236  256  339  
